phone
18838032026
18838032027
18838032028
18838032029
18838032030
18838032031
18838032032
18838032033
18838032034
18838032035
18838032036
18838032037
18838032038
18838032039
18838032040
18838032041
18838032042
18838032043
18838032044
18838032045
18838032046
18838032047
18838032048
18838032049
18838032050
18838032051
18838032052
18838032053
18838032054
18838032055
18838032056
18838032057
18838032058
18838032059
18838032060
18838032061
18838032062
18838032063
18838032064
18838032065
18838032066
18838032067
18838032068
18838032069
18838032070
18838032071
18838032072
18838032073
18838032074
18838032075
18838032076
18838032077
18838032078
18838032079
18838032080
18838032081
18838032082
18838032083
18838032084
18838032085
18838032086
18838032087
18838032088
18838032089
18838032090
18838032091
18838032092
18838032093
18838032094
18838032095
18838032096
18838032097
18838032098
18838032099
18838032100
